0 1 1 1 1 1 4 1
0 1 1 2 1 1 4 1
0 1 1 3 1 1 4 1
0 1 1 4 1 1 4 1
0 1 1 1 1 5 4 1
0 1 1 2 1 2 4 1
0 1 1 3 1 3 4 1
0 1 1 4 1 4 4 1
0 1 1 1 1 3 19 1
0 1 1 2 1 4 19 1
0 1 1 3 1 5 19 1
0 1 1 4 1 2 19 1
0 1 1 1 1 9 6 1
0 1 1 1 1 10 6 1
0 1 1 2 1 8 6 1
0 1 1 2 1 11 6 1
0 1 1 3 1 8 6 1
0 1 1 3 1 11 6 1
0 1 1 4 1 9 6 1
0 1 1 4 1 10 6 1
0 1 1 1 1 21 8 1
0 1 1 1 1 22 8 1
0 1 1 2 1 21 8 1
0 1 1 2 1 22 8 1
0 1 1 3 1 19 8 1
0 1 1 3 1 20 8 1
0 1 1 4 1 19 8 1
0 1 1 4 1 20 8 1
1 2 1 1 1 4 1
1 2 2 1 1 4 1
1 2 3 1 1 4 1
1 2 4 1 1 4 1
1 2 1 1 1 6 1
1 2 2 1 1 6 1
1 2 3 1 1 6 1
1 2 4 1 1 6 1