0 2 1 1 2 10 11 6 2
0 2 1 2 2 8 10 6 2
0 2 1 3 2 9 11 6 2
0 2 1 4 2 8 9 6 2
0 2 1 1 2 3 4 4 2
0 2 1 1 2 4 5 4 2
0 2 1 2 2 2 5 4 2
0 2 1 2 2 4 5 4 2
0 2 1 3 2 2 3 4 2
0 2 1 3 2 2 4 4 2
0 2 1 4 2 2 3 4 2
0 2 1 4 2 2 4 4 2
0 1 1 1 3 6 5 3
0 1 1 2 3 6 5 3
0 1 1 3 3 6 5 3
0 1 1 4 3 6 5 3
0 2 1 1 3 3 5 19 3
0 2 1 2 3 2 4 19 3
0 2 1 3 3 2 5 19 3
0 2 1 4 3 3 4 19 3
0 1 1 1 3 21 17 3
0 1 1 1 3 22 18 3
0 1 1 2 3 21 17 3
0 1 1 2 3 22 18 3
0 1 1 3 3 19 15 3
0 1 1 3 3 20 16 3
0 1 1 4 3 19 15 3
0 1 1 4 3 20 16 3
0 1 1 1 2 13 12 2
0 1 1 2 2 12 11 2
0 1 1 3 2 16 14 2
0 1 1 4 2 14 13 2
1 3 1 3 2 5 6 3
1 3 2 3 2 5 6 3
1 3 3 3 2 5 6 3
1 3 4 3 2 5 6 3