0 1 1 1 4 1 19 4
0 1 1 2 4 1 7 4
0 1 1 3 4 1 7 4
0 1 1 4 4 1 19 4
0 1 1 1 4 18 8 4
0 1 1 2 4 18 8 4
0 1 1 3 5 17 15 5
0 1 1 4 5 15 16 5
0 2 1 1 5 3 5 20 5
0 2 1 4 5 2 4 20 5
0 2 1 3 6 4 5 3 6
0 2 1 2 6 2 3 3 6
0 2 1 1 7 4 5 2 7
0 2 1 3 7 2 3 2 7
0 2 1 2 5 2 5 1 5
0 2 1 3 5 3 4 1 5
0 1 1 1 5 6 20 5
0 1 1 2 5 6 20 5
0 1 1 1 6 7 5 6
0 1 1 4 6 7 5 6
1 1 1 5 7 5
1 1 3 5 7 5
1 1 2 6 8 5
1 1 4 6 8 5
1 1 1 4 10 7
1 1 3 4 10 7
1 1 2 4 11 8
1 1 4 4 11 8
1 1 3 4 3 4
1 1 4 4 3 4
1 1 2 5 9 5
1 1 3 5 9 5
1 1 5 7 12
1 1 5 7 12
1 1 5 7 13
1 1 5 7 13